-1902.34 1471.98
-1114.56 860.68
-770.84 590.04
-864.86 660.4
-700.2 534.26
-717.04 543.48
-660.94 505.12
-740.61 561.22
-656.33 496.78
-598.86 458.58
-607.26 460.22
-540.93 406.16
-501.4 377.6
-593.86 445.82
-532.05 400.22
-634.08 473.52
-508.71 379.68
-489.13 364.9
-555.92 414.88
-564.83 421.8
-457.85 339.66
-602.14 453.52
-540.62 402.78
-580.48 431.64
-509.62 380.34
-482.21 357.14
-544.14 404.62
-583.51 434.9
-571.24 423.68
-534.12 395.66
-515.18 383.12
-500.09 369.08
-571.26 425.06
-717.31 533.34
-573.17 426.38
-578.84 431.9
-558.26 412.2
-539.56 396.56
-832.77 610.08
-574.62 424.52
-600.19 443.74
-578.64 429.94
-640.66 472.02
-608.68 460.24
-516.09 377.04
-492.6 362.2
-528.58 391.22
-502.79 374.42
-449.88 332.42
-507.59 379.16
-485.84 356.24
-491.81 362.7
-495.53 366.28
-460.83 340.4
-454.7 335.16
-478.37 354.64
-883.58 647.76
-602.06 446.28
-549.69 405.42
-497.0 367.42
-489.03 362.1
-476.21 352.4
-534.66 392.56
-481.91 356.8
-478.45 356.06
-504.69 374.88
-489.5 363.58
-605.41 450.68
-490.79 365.64
-608.8 450.0
-475.07 352.7
-567.24 426.36
-882.61 646.92
-549.36 405.4
-557.87 415.76
-568.6 424.78
-496.84 375.12
-594.56 445.52
-536.54 409.3
-510.43 388.54
-640.93 482.94
-536.43 408.46
-720.26 540.24
-674.25 520.18
-627.08 476.06
-674.78 509.3
-591.71 447.24
-537.84 403.56
-675.34 504.32
-497.87 373.94
-530.98 396.6
-651.23 490.38
-503.44 377.82
-803.09 614.84
-651.58 496.36
-541.57 408.92
-661.61 496.48
-728.84 549.68
-540.82 403.78
-674.44 505.94
-615.58 459.96
-547.63 411.82
-471.37 354.8
-565.01 424.22
-689.09 516.52
-556.53 416.62
-833.5 617.48
-482.43 361.96
-541.86 405.5
-617.64 469.16
-473.95 354.36
-718.26 540.32
-529.42 392.72
-484.99 363.5
-543.45 411.54
-589.47 449.94
-576.86 436.26
-579.35 435.08
-600.2 454.5
-610.98 456.62
-694.34 513.6
-618.49 459.46
-550.81 407.12
-586.59 432.0
-546.84 403.36
-572.49 421.2
-604.71 444.24
-787.21 583.46
-850.07 636.48
-618.33 459.38
-668.96 496.72
-676.01 500.44
-634.33 466.86
-679.61 498.64
-1076.89 786.36
-898.86 692.68
-798.54 602.36
-683.21 506.98
-555.12 416.26
-684.57 511.12
-891.92 678.88
-727.66 544.8
-805.73 592.98
-787.3 583.86
-621.54 462.0
-1352.19 1037.52
-641.94 479.16
-713.24 533.12
-597.05 446.68
-840.15 626.46
-874.32 633.38
-691.94 514.5
-619.23 462.42
-735.77 543.6
-653.18 485.5
-696.46 520.8
-710.21 537.24
-644.89 479.7
-640.39 478.32
-629.13 470.64
-917.24 686.4
-742.47 558.56
-652.8 488.78
-685.25 510.2
-729.19 542.34
-653.0 488.88
-645.17 482.72
-805.14 604.34
-718.82 539.14
-672.18 505.34
-644.66 487.22
-596.91 450.1
-565.2 428.06
-661.19 495.28
-626.48 469.7
-697.89 520.86
-550.11 414.62
-567.26 424.58
-574.69 430.2
-572.04 432.7
-557.34 420.02
-680.68 519.2
-545.79 412.18
-625.75 469.88
-682.49 512.84
-512.91 387.34
-651.01 494.66
-631.74 478.24
-600.83 459.8
-571.39 436.5
-603.18 458.96
-540.89 409.52
-612.34 464.22
-567.77 432.74
-870.15 678.54
-631.79 482.12
-584.54 438.78
-560.96 421.94
-592.18 450.8
-570.04 430.42
